4 0.249681 0.264348 0.052581 0.262609
4 0.299395 0.274783 0.043021 0.260870
2 0.339866 0.250435 0.023263 0.309565
2 0.371096 0.253478 0.025813 0.320870
0 0.400733 0.234783 0.033461 0.358261
0 0.437221 0.237826 0.026769 0.324348
0 0.476418 0.238261 0.042702 0.351304
0 0.520873 0.240435 0.039834 0.362609
0 0.554653 0.228261 0.023901 0.367826
0 0.592256 0.230870 0.035373 0.376522
2 0.626514 0.251739 0.031867 0.327826
2 0.653282 0.251739 0.036329 0.331304
4 0.751593 0.233043 0.056405 0.297391
4 0.698375 0.233043 0.053856 0.333913
5 0.222753 0.532609 0.051625 0.277391
5 0.275016 0.570000 0.045889 0.315652
5 0.337954 0.594348 0.051307 0.313913
5 0.803856 0.500435 0.087635 0.240870
5 0.745220 0.568261 0.085086 0.282609
5 0.680529 0.560870 0.072339 0.278261
3 0.637349 0.599565 0.047164 0.331304
3 0.603569 0.622174 0.035054 0.373043
3 0.411090 0.618696 0.031230 0.340000
3 0.384481 0.605217 0.041746 0.339130
1 0.447419 0.620000 0.031230 0.389565
1 0.477374 0.616957 0.026131 0.386957
1 0.503505 0.597826 0.014659 0.334783
1 0.575048 0.643913 0.043021 0.409565
1 0.544774 0.655652 0.030274 0.436522
1 0.518642 0.626087 0.027087 0.337391
6 0.301147 0.376087 0.057361 0.054783
