4 0.241228 0.326000 0.064912 0.245600
4 0.301930 0.320000 0.063509 0.256000
4 0.776667 0.330000 0.060000 0.256800
4 0.720351 0.333200 0.065965 0.266400
2 0.352456 0.319200 0.043158 0.251200
2 0.672982 0.310800 0.030877 0.285600
2 0.638947 0.311600 0.037193 0.296800
2 0.389298 0.318400 0.046667 0.307200
0 0.421754 0.310000 0.040000 0.293600
0 0.460175 0.300000 0.034737 0.320000
0 0.492807 0.309200 0.040351 0.301600
0 0.535088 0.315200 0.040000 0.320000
0 0.571579 0.308400 0.038596 0.309600
0 0.607719 0.305600 0.033684 0.324800
5 0.260000 0.625200 0.070175 0.256800
5 0.324211 0.650000 0.065965 0.256800
5 0.759825 0.636000 0.073333 0.235200
5 0.696491 0.673200 0.070877 0.296800
3 0.650877 0.658400 0.036491 0.276800
3 0.612105 0.638400 0.024912 0.256000
3 0.375789 0.667600 0.038596 0.317600
3 0.412632 0.664000 0.040702 0.324800
1 0.447368 0.654000 0.028772 0.332000
1 0.479474 0.642000 0.024211 0.333600
1 0.580702 0.623200 0.035088 0.316800
1 0.547895 0.644400 0.029123 0.341600
1 0.523684 0.662800 0.024912 0.384800
6 0.243860 0.424000 0.055439 0.075200
6 0.264386 0.554800 0.078947 0.103200
6 0.694737 0.551600 0.035088 0.060000
6 0.779825 0.425200 0.062105 0.100000
