5 0.850377 0.639565 0.071321 0.266957
5 0.198491 0.605652 0.122264 0.193913
4 0.226604 0.339130 0.059245 0.306087
4 0.283774 0.352609 0.063396 0.315652
4 0.792830 0.330435 0.049057 0.248696
4 0.735283 0.310870 0.069811 0.308696
2 0.648679 0.317826 0.047547 0.286087
0 0.604717 0.297826 0.041132 0.369565
0 0.569434 0.288261 0.046038 0.404348
0 0.525094 0.276957 0.047170 0.414783
0 0.480189 0.296957 0.044906 0.380000
0 0.440000 0.286957 0.037736 0.403478
0 0.402830 0.285217 0.047925 0.419130
2 0.367170 0.310870 0.044528 0.395652
2 0.329623 0.335652 0.036604 0.393043
1 0.521321 0.650000 0.034340 0.366087
1 0.490566 0.667391 0.032453 0.388696
1 0.457547 0.682174 0.029811 0.414783
1 0.422642 0.663043 0.036226 0.340000
1 0.551887 0.668261 0.036604 0.352174
1 0.584340 0.671739 0.041887 0.357391
3 0.662830 0.669130 0.042642 0.310435
3 0.623396 0.678261 0.040755 0.347826
3 0.388302 0.674348 0.037736 0.312174
3 0.359623 0.683478 0.023396 0.314783
6 0.228491 0.557391 0.078113 0.130435
6 0.226604 0.453043 0.060755 0.078261
6 0.730943 0.425652 0.064151 0.075652
6 0.624528 0.543043 0.043774 0.089565
6 0.289245 0.463043 0.066038 0.115652
