0 0.516677 0.264800 0.041052 0.278400
0 0.471937 0.264400 0.051636 0.296800
0 0.561097 0.259200 0.037524 0.206400
0 0.595093 0.305200 0.053560 0.274400
0 0.435055 0.282400 0.022130 0.243200
0 0.396729 0.276800 0.022450 0.294400
2 0.361289 0.302800 0.038807 0.293600
2 0.329217 0.331600 0.041373 0.268000
2 0.650257 0.339200 0.043297 0.273600
4 0.698685 0.348400 0.054843 0.271200
4 0.754169 0.343600 0.069596 0.255200
4 0.270205 0.344000 0.084990 0.240000
4 0.225625 0.356800 0.052277 0.238400
1 0.509622 0.528400 0.021167 0.261600
1 0.539769 0.566000 0.026940 0.309600
1 0.571841 0.578400 0.033355 0.321600
1 0.457505 0.557600 0.026620 0.313600
1 0.422707 0.569200 0.033355 0.312800
3 0.389031 0.589200 0.021809 0.306400
3 0.361129 0.588400 0.031430 0.261600
3 0.613534 0.592400 0.033996 0.303200
3 0.649936 0.619600 0.037524 0.300000
6 0.283515 0.418400 0.048749 0.081600
6 0.329699 0.412800 0.033996 0.043200
