4 0.285246 0.330000 0.062295 0.238462
4 0.338361 0.344615 0.052459 0.258462
0 0.503934 0.336923 0.028852 0.246154
0 0.539672 0.345385 0.028197 0.253846
0 0.473770 0.348462 0.024918 0.295385
4 0.757213 0.336154 0.057377 0.213846
4 0.709344 0.336923 0.048852 0.233846
2 0.644918 0.348462 0.030820 0.229231
0 0.610000 0.329615 0.035082 0.326923
0 0.571803 0.333462 0.029508 0.265385
1 0.587213 0.635000 0.029508 0.265385
1 0.459836 0.652308 0.040984 0.318462
3 0.425902 0.617308 0.032131 0.276154
3 0.391639 0.629615 0.051475 0.276154
1 0.558852 0.630385 0.024590 0.259231
1 0.511967 0.642308 0.020656 0.247692
1 0.495246 0.656154 0.025902 0.298462
6 0.418689 0.539231 0.033443 0.083077
6 0.387541 0.553462 0.053115 0.102308
