4 0.273750 0.329167 0.051071 0.225000
4 0.748750 0.315000 0.055357 0.246667
4 0.685179 0.336250 0.073214 0.285833
5 0.799643 0.537083 0.110000 0.184167
0 0.476964 0.342083 0.043929 0.294167
0 0.518393 0.346667 0.043214 0.303333
0 0.554107 0.337083 0.032500 0.354167
0 0.588214 0.335000 0.034286 0.365000
0 0.447679 0.339583 0.051071 0.320833
0 0.409643 0.328750 0.034286 0.345833
2 0.621250 0.332083 0.043929 0.264167
2 0.380536 0.349167 0.041071 0.245000
5 0.210714 0.531250 0.082857 0.185833
5 0.264643 0.575417 0.066429 0.217500
5 0.320357 0.594167 0.068571 0.241667
3 0.365000 0.619167 0.046429 0.251667
3 0.392321 0.638333 0.031071 0.280000
1 0.418750 0.668750 0.043214 0.354167
1 0.453393 0.641250 0.030357 0.285833
1 0.481786 0.619583 0.023571 0.229167
1 0.512679 0.626667 0.030357 0.256667
1 0.575000 0.652917 0.032143 0.315833
1 0.543571 0.620833 0.026429 0.245000
3 0.641429 0.620833 0.038571 0.280000
3 0.608929 0.640417 0.025000 0.297500
6 0.269643 0.519583 0.062143 0.109167
6 0.642321 0.525833 0.051071 0.083333
6 0.783214 0.476250 0.072857 0.090833
