4 0.197321 0.305909 0.048929 0.257273
4 0.249464 0.304545 0.051071 0.294545
4 0.295179 0.303636 0.066071 0.292727
4 0.783929 0.290455 0.056429 0.264545
4 0.731786 0.298636 0.046429 0.251818
2 0.688214 0.303636 0.035000 0.300000
2 0.656071 0.279545 0.023571 0.310000
0 0.620179 0.261364 0.049643 0.288182
0 0.572500 0.254545 0.025000 0.301818
0 0.534821 0.254091 0.045357 0.317273
0 0.487857 0.258182 0.047857 0.332727
0 0.449643 0.254545 0.030714 0.290909
0 0.410536 0.260455 0.043214 0.317273
2 0.372143 0.280455 0.047143 0.315455
2 0.343214 0.309091 0.045714 0.303636
5 0.200536 0.563636 0.077500 0.236364
5 0.264643 0.634091 0.076429 0.319091
5 0.840536 0.522273 0.081071 0.184545
5 0.774643 0.573636 0.058571 0.274545
5 0.716071 0.599545 0.058571 0.308182
1 0.530179 0.588182 0.023929 0.345455
1 0.505893 0.570909 0.027500 0.307273
1 0.557143 0.591818 0.031429 0.330909
1 0.442500 0.599545 0.045000 0.311818
1 0.595179 0.604545 0.037500 0.367273
1 0.477679 0.583636 0.018214 0.332727
3 0.402857 0.603636 0.040000 0.334545
3 0.361964 0.611364 0.043214 0.346364
3 0.632857 0.585909 0.035000 0.319091
