4 0.789827 0.329615 0.051184 0.214615
4 0.742802 0.330000 0.046705 0.267692
4 0.217051 0.329231 0.033589 0.236923
4 0.257997 0.339231 0.043186 0.275385
4 0.299744 0.341154 0.046705 0.290000
2 0.337332 0.353462 0.035509 0.279231
2 0.370921 0.350385 0.037428 0.259231
2 0.634997 0.360769 0.033269 0.244615
0 0.525592 0.321538 0.037108 0.307692
0 0.479207 0.320769 0.048624 0.312308
0 0.437940 0.327692 0.031350 0.298462
0 0.562060 0.324615 0.030070 0.295385
0 0.596289 0.344615 0.030710 0.264615
0 0.406110 0.337692 0.038068 0.301538
1 0.493282 0.615385 0.036468 0.235385
1 0.457933 0.627308 0.028471 0.256154
1 0.426583 0.639615 0.027191 0.286923
1 0.524312 0.616923 0.026871 0.267692
1 0.558221 0.597692 0.029431 0.232308
1 0.588292 0.634231 0.044146 0.288462
3 0.621401 0.635385 0.023353 0.304615
3 0.651951 0.625385 0.026232 0.273846
3 0.398592 0.634615 0.033909 0.258462
3 0.364044 0.638077 0.033909 0.290000
5 0.265355 0.620385 0.067498 0.236154
5 0.210013 0.555769 0.068778 0.211538
5 0.696257 0.609231 0.046385 0.273846
5 0.747441 0.588846 0.039987 0.246923
5 0.801823 0.545000 0.073896 0.194615
