4 0.218525 0.422174 0.060791 0.244348
4 0.259892 0.451304 0.051439 0.250435
4 0.313489 0.452609 0.050719 0.270435
2 0.360072 0.414783 0.035971 0.259130
2 0.398561 0.411304 0.044604 0.264348
2 0.658993 0.415217 0.047482 0.249565
4 0.698561 0.443913 0.043885 0.253043
4 0.744065 0.448261 0.048561 0.266957
4 0.802698 0.423043 0.059353 0.220000
0 0.501079 0.386087 0.046043 0.217391
0 0.571583 0.383913 0.028777 0.186957
3 0.354496 0.707391 0.062950 0.277391
3 0.657194 0.707391 0.054676 0.266957
3 0.619604 0.697826 0.039209 0.273913
1 0.581835 0.683913 0.049281 0.310435
1 0.539928 0.672609 0.035971 0.294783
1 0.509712 0.672609 0.025899 0.301739
1 0.481115 0.665217 0.031295 0.257391
1 0.451799 0.688261 0.028777 0.296522
1 0.418525 0.683913 0.037770 0.284348
6 0.319245 0.496087 0.059353 0.164348
