4 0.235593 0.393511 0.066441 0.209924
4 0.283559 0.412214 0.051864 0.207634
2 0.328305 0.424427 0.040339 0.222901
2 0.361017 0.414504 0.031186 0.248855
0 0.396780 0.402290 0.037627 0.323664
0 0.435254 0.415267 0.033898 0.297710
0 0.472881 0.412214 0.037288 0.291603
0 0.514746 0.413740 0.043729 0.316031
0 0.552542 0.406107 0.027797 0.291603
0 0.586441 0.383588 0.038644 0.336641
2 0.623051 0.387786 0.038644 0.302290
2 0.657627 0.391985 0.040000 0.272519
4 0.698475 0.379771 0.044407 0.254198
4 0.754576 0.357634 0.069153 0.194656
5 0.223898 0.629771 0.085763 0.230534
5 0.291525 0.670611 0.070508 0.272519
3 0.343898 0.681298 0.047797 0.255725
3 0.387119 0.695802 0.034576 0.248092
1 0.425763 0.721374 0.034576 0.283969
1 0.466610 0.698092 0.024746 0.237405
1 0.495424 0.704198 0.024068 0.255725
1 0.552034 0.706870 0.026780 0.250382
1 0.585763 0.691985 0.034576 0.283206
3 0.618983 0.684351 0.035932 0.277099
3 0.653390 0.672519 0.038983 0.276336
5 0.708475 0.637405 0.092203 0.258015
5 0.773559 0.583588 0.093559 0.219084
