4 0.286935 0.244841 0.053226 0.288095
4 0.700484 0.255159 0.056452 0.259524
5 0.743548 0.537302 0.079355 0.287302
5 0.679032 0.547222 0.085806 0.284921
5 0.268871 0.515873 0.071935 0.265079
5 0.319516 0.559524 0.072581 0.236508
0 0.462258 0.229762 0.050323 0.330952
0 0.511452 0.243254 0.040968 0.303968
0 0.428065 0.243254 0.042581 0.340476
0 0.395484 0.252778 0.038710 0.343651
2 0.364839 0.240476 0.027742 0.331746
2 0.335000 0.245635 0.035161 0.335714
0 0.547258 0.229762 0.026774 0.340476
0 0.576935 0.221429 0.041613 0.360317
3 0.388710 0.580556 0.050968 0.300794
1 0.450645 0.585317 0.028387 0.337302
1 0.475161 0.596032 0.027742 0.349206
1 0.519032 0.553968 0.031613 0.293651
1 0.554032 0.575397 0.039032 0.320635
3 0.630323 0.551984 0.058710 0.261111
3 0.593065 0.554762 0.050000 0.252381
