5 0.193944 0.539583 0.066689 0.282500
5 0.252807 0.578333 0.063967 0.238333
5 0.303164 0.608333 0.057843 0.233333
5 0.754849 0.585417 0.080640 0.255833
5 0.689350 0.599167 0.068731 0.251667
3 0.358625 0.637083 0.040830 0.280833
3 0.394522 0.647500 0.044573 0.315000
3 0.635420 0.631250 0.040490 0.302500
3 0.605988 0.626250 0.036747 0.289167
1 0.570942 0.627083 0.029262 0.287500
1 0.429738 0.620000 0.034706 0.266667
1 0.534195 0.600417 0.034706 0.214167
1 0.460361 0.589583 0.036067 0.182500
1 0.484859 0.596667 0.040150 0.178333
4 0.282749 0.361667 0.062606 0.226667
2 0.329874 0.367083 0.041851 0.225833
4 0.698367 0.355833 0.052059 0.225000
4 0.750766 0.330000 0.052739 0.238333
2 0.652773 0.356667 0.045934 0.233333
2 0.621980 0.346667 0.028581 0.250000
0 0.398775 0.349167 0.035386 0.268333
0 0.474651 0.346250 0.038108 0.290833
0 0.511739 0.342083 0.040150 0.269167
0 0.549677 0.343750 0.033685 0.272500
0 0.584893 0.343750 0.036067 0.265833
0 0.434842 0.349583 0.034706 0.274167
6 0.282749 0.446667 0.065328 0.070000
6 0.254338 0.498333 0.052739 0.085000
6 0.311160 0.515833 0.055461 0.065000
