4 0.236842 0.299583 0.063860 0.300833
4 0.298246 0.330000 0.066667 0.288333
4 0.737544 0.320417 0.065263 0.255833
4 0.834386 0.320417 0.047018 0.282500
4 0.787368 0.316250 0.049123 0.267500
2 0.346842 0.332500 0.043860 0.273333
2 0.380877 0.333333 0.047368 0.260000
2 0.690175 0.331667 0.034386 0.295000
2 0.657895 0.334167 0.047719 0.280000
0 0.621053 0.318333 0.052632 0.286667
0 0.584035 0.321250 0.031228 0.280833
0 0.542807 0.317917 0.048421 0.302500
0 0.497719 0.317917 0.047368 0.305833
0 0.459825 0.312500 0.043158 0.278333
0 0.417018 0.317917 0.054386 0.284167
5 0.270877 0.609583 0.100351 0.277500
5 0.768246 0.586667 0.066316 0.243333
5 0.704737 0.605000 0.057895 0.255000
3 0.367719 0.640417 0.049123 0.277500
3 0.403158 0.650833 0.035088 0.285000
3 0.657193 0.623333 0.038596 0.271667
3 0.626491 0.639167 0.029825 0.291667
1 0.442632 0.647500 0.034737 0.333333
1 0.590000 0.619583 0.029825 0.274167
1 0.556667 0.617500 0.033333 0.286667
1 0.475965 0.601667 0.025614 0.248333
1 0.527193 0.612083 0.025614 0.269167
1 0.500526 0.600833 0.024912 0.266667
6 0.759474 0.498333 0.066316 0.083333
