5 0.805283 0.635500 0.075472 0.339000
5 0.738302 0.606500 0.056981 0.307000
3 0.673585 0.624500 0.064151 0.215000
5 0.294528 0.639500 0.086415 0.295000
5 0.224528 0.589500 0.083774 0.259000
3 0.351509 0.585000 0.065283 0.168000
3 0.342453 0.745000 0.052453 0.202000
1 0.587358 0.721500 0.041132 0.327000
1 0.623208 0.713500 0.047170 0.329000
1 0.550000 0.701000 0.028302 0.300000
1 0.470000 0.695000 0.032830 0.302000
1 0.523396 0.688000 0.033208 0.284000
0 0.535472 0.359000 0.047547 0.352000
0 0.488302 0.352500 0.047547 0.359000
0 0.445849 0.346000 0.039623 0.390000
0 0.568679 0.349500 0.051321 0.321000
4 0.287547 0.298500 0.057358 0.331000
4 0.735660 0.324500 0.066792 0.249000
