4 0.744295 0.340000 0.058389 0.295652
4 0.690940 0.349565 0.045638 0.321739
4 0.246980 0.330435 0.062416 0.269565
4 0.304027 0.331304 0.051678 0.299130
2 0.650671 0.325217 0.036242 0.349565
2 0.344631 0.334783 0.037584 0.299130
2 0.369128 0.328696 0.047651 0.307826
0 0.471812 0.294783 0.043624 0.358261
0 0.515436 0.293043 0.031544 0.368696
0 0.433893 0.306087 0.044295 0.346087
0 0.402349 0.322609 0.044295 0.320000
0 0.549664 0.305217 0.031544 0.330435
0 0.583893 0.301739 0.027517 0.337391
0 0.616443 0.322609 0.034899 0.302609
1 0.431208 0.649565 0.034899 0.302609
1 0.462081 0.662609 0.026846 0.311304
1 0.487584 0.665217 0.029530 0.309565
1 0.515101 0.671304 0.030872 0.321739
1 0.542953 0.658261 0.026174 0.306087
1 0.577852 0.642609 0.043624 0.285217
3 0.632215 0.643478 0.034228 0.304348
3 0.400671 0.645217 0.034228 0.311304
5 0.263423 0.608696 0.085906 0.238261
6 0.250671 0.413043 0.053691 0.121739
6 0.649329 0.435652 0.042953 0.111304
