4 0.811129 0.300769 0.046129 0.233846
4 0.763065 0.308846 0.046774 0.256154
4 0.708871 0.325385 0.058387 0.261538
4 0.255645 0.318462 0.059032 0.227692
4 0.301290 0.334231 0.050968 0.234615
0 0.511452 0.294231 0.043548 0.265385
0 0.551290 0.291538 0.032258 0.264615
0 0.596774 0.290769 0.036774 0.304615
0 0.465000 0.280000 0.053226 0.301538
0 0.428065 0.293846 0.043871 0.269231
0 0.393871 0.298846 0.050323 0.294615
2 0.366613 0.304615 0.040323 0.270769
2 0.339032 0.306154 0.036129 0.280000
2 0.640323 0.303462 0.032903 0.288462
5 0.219677 0.517692 0.083871 0.184615
5 0.268387 0.561923 0.079355 0.217692
1 0.821452 0.535385 0.073871 0.206154
1 0.766774 0.569231 0.078710 0.235385
1 0.705000 0.581923 0.073226 0.242308
3 0.654516 0.591538 0.035484 0.232308
3 0.621613 0.581154 0.031613 0.243846
1 0.576290 0.596923 0.036452 0.301538
1 0.537258 0.582692 0.030645 0.297692
1 0.505323 0.581923 0.026129 0.274615
1 0.477742 0.571154 0.030323 0.253077
1 0.450161 0.576923 0.023548 0.270769
1 0.416290 0.605000 0.037742 0.320769
3 0.387419 0.597692 0.028387 0.300000
3 0.356452 0.586538 0.034839 0.254615
6 0.242258 0.466538 0.041935 0.046923
6 0.287258 0.501538 0.051290 0.123077
