5 0.208793 0.566957 0.060345 0.260870
5 0.258276 0.590870 0.070345 0.275652
5 0.317069 0.619565 0.077586 0.282609
5 0.811724 0.518261 0.052414 0.267826
5 0.753621 0.542609 0.055517 0.288696
5 0.698276 0.569130 0.064138 0.289565
4 0.760517 0.263043 0.057586 0.246087
4 0.708966 0.267391 0.053793 0.270435
4 0.318621 0.312609 0.067586 0.254783
4 0.260345 0.300000 0.054483 0.233043
0 0.487414 0.237391 0.041724 0.314783
0 0.528448 0.251304 0.040345 0.302609
0 0.565862 0.269130 0.034483 0.258261
0 0.598448 0.266522 0.029310 0.293043
0 0.451034 0.256957 0.033793 0.326087
0 0.415172 0.266957 0.032414 0.302609
3 0.650517 0.596957 0.047241 0.270435
3 0.611379 0.597826 0.028276 0.296522
1 0.576207 0.595217 0.033793 0.310435
1 0.516034 0.552609 0.027241 0.265217
1 0.487069 0.546957 0.035517 0.264348
1 0.435000 0.610435 0.037586 0.337391
3 0.402069 0.620000 0.031724 0.307826
3 0.365172 0.614348 0.033103 0.272174
2 0.663448 0.257391 0.041379 0.293913
2 0.385517 0.272609 0.047586 0.247826
