6 0.369000 0.543902 0.040000 0.095935
6 0.259667 0.412602 0.041333 0.114634
6 0.318167 0.431707 0.034333 0.056911
6 0.614167 0.392276 0.071667 0.078862
6 0.720000 0.419512 0.030667 0.066667
0 0.458333 0.310976 0.042000 0.246341
0 0.501000 0.309756 0.039333 0.253659
0 0.534833 0.310976 0.030333 0.256098
0 0.567500 0.300000 0.025667 0.295935
0 0.426833 0.300000 0.032333 0.248780
0 0.396500 0.310976 0.028333 0.265854
2 0.374333 0.326423 0.033333 0.252846
2 0.347000 0.332520 0.025333 0.265041
1 0.429333 0.569106 0.031333 0.250407
1 0.458667 0.573577 0.027333 0.256098
1 0.482667 0.580894 0.020667 0.246341
1 0.505333 0.582114 0.022667 0.263415
1 0.531833 0.582520 0.032333 0.277236
3 0.624000 0.590650 0.046000 0.226829
