6 0.353289 0.570417 0.042105 0.204167
6 0.378618 0.354583 0.034868 0.150833
6 0.254605 0.382500 0.057895 0.136667
6 0.276974 0.498333 0.038816 0.050000
6 0.306908 0.431667 0.042763 0.058333
6 0.477961 0.330417 0.021711 0.149167
6 0.636842 0.363333 0.036842 0.133333
6 0.702796 0.369583 0.050987 0.130833
6 0.767434 0.396250 0.040789 0.062500
6 0.693257 0.572917 0.025987 0.159167
6 0.738487 0.480833 0.042763 0.065000
0 0.522862 0.277500 0.041776 0.250000
0 0.560197 0.280000 0.032895 0.250000
0 0.596546 0.300000 0.039803 0.250000
0 0.442434 0.285000 0.030921 0.255000
0 0.411020 0.296250 0.029934 0.267500
1 0.486020 0.560417 0.027961 0.280833
1 0.509704 0.557917 0.027961 0.290833
1 0.535691 0.571667 0.025987 0.278333
1 0.566118 0.581667 0.034868 0.293333
1 0.456086 0.560417 0.031908 0.285833
1 0.425658 0.565000 0.038816 0.270000
3 0.600493 0.579583 0.033882 0.272500
3 0.392270 0.575417 0.035855 0.270833
5 0.799507 0.560417 0.056908 0.224167
2 0.349342 0.321667 0.027632 0.231667
2 0.665296 0.309167 0.024013 0.278333
