6 0.785000 0.417269 0.042414 0.089157
6 0.722069 0.550201 0.050345 0.097992
6 0.694483 0.427309 0.048276 0.064257
6 0.618103 0.400803 0.031379 0.112450
6 0.327414 0.400803 0.037586 0.112450
6 0.278621 0.424900 0.048276 0.059438
6 0.271379 0.540161 0.055172 0.110040
0 0.514655 0.350602 0.043103 0.232129
0 0.473276 0.349398 0.043103 0.234538
0 0.435172 0.349398 0.034483 0.229719
0 0.397241 0.338956 0.041379 0.231325
0 0.552069 0.334538 0.037241 0.259438
0 0.588448 0.341365 0.033448 0.263454
1 0.467931 0.608835 0.036552 0.257028
1 0.506207 0.608835 0.038621 0.247390
1 0.540690 0.607631 0.032414 0.244980
1 0.574655 0.607631 0.037586 0.244980
1 0.427931 0.610843 0.043448 0.265863
1 0.388448 0.610040 0.035517 0.264257
3 0.342759 0.601606 0.052414 0.252209
3 0.612759 0.616867 0.032414 0.268273
3 0.647586 0.616466 0.029655 0.254618
2 0.654483 0.346988 0.029655 0.224900
4 0.192586 0.228916 0.061034 0.199197
4 0.228448 0.349398 0.044483 0.207229
5 0.213621 0.534137 0.058276 0.162249
5 0.791034 0.553815 0.073793 0.179116
5 0.682759 0.601606 0.034483 0.220080
