6 0.227931 0.508400 0.031724 0.056800
6 0.275172 0.549600 0.039310 0.065600
6 0.599828 0.442000 0.030690 0.120800
6 0.673793 0.544800 0.131034 0.080000
6 0.755517 0.498000 0.024828 0.040800
4 0.240690 0.378400 0.041379 0.203200
4 0.289483 0.400000 0.052069 0.182400
4 0.737241 0.383600 0.039310 0.178400
4 0.690000 0.391600 0.047586 0.189600
4 0.645345 0.388000 0.038276 0.192000
0 0.471379 0.398400 0.029655 0.240000
0 0.507759 0.403200 0.039655 0.244800
0 0.541724 0.397600 0.034483 0.246400
0 0.574310 0.405600 0.024483 0.272000
0 0.441724 0.398800 0.031724 0.236000
0 0.411724 0.397600 0.030345 0.238400
2 0.379655 0.397600 0.025517 0.224000
2 0.349138 0.386000 0.025862 0.215200
3 0.341724 0.622800 0.026897 0.236000
3 0.374138 0.632800 0.032414 0.224000
3 0.595517 0.616000 0.025517 0.217600
1 0.408621 0.654800 0.034483 0.236000
1 0.441207 0.653600 0.030690 0.265600
1 0.470862 0.661600 0.028621 0.249600
1 0.502759 0.658400 0.029655 0.256000
1 0.526897 0.652400 0.032414 0.253600
1 0.558103 0.641200 0.035517 0.248800
