4 0.215263 0.203043 0.054386 0.226957
4 0.793158 0.246957 0.048772 0.260870
4 0.754737 0.292609 0.049825 0.280870
4 0.703684 0.287826 0.048772 0.293913
4 0.249825 0.275652 0.049825 0.280000
4 0.302105 0.277826 0.050526 0.294783
5 0.178772 0.542609 0.073333 0.215652
5 0.247018 0.561739 0.065263 0.253913
5 0.305965 0.581304 0.064561 0.253043
5 0.804561 0.575217 0.065263 0.213043
5 0.745088 0.589565 0.063509 0.260870
5 0.688596 0.605652 0.063509 0.277391
0 0.477018 0.279565 0.039649 0.320870
0 0.523158 0.261304 0.052632 0.308696
0 0.568772 0.255217 0.030175 0.315652
0 0.599474 0.259130 0.031228 0.323478
0 0.441930 0.264783 0.036140 0.320870
0 0.410175 0.268261 0.035088 0.319130
1 0.477018 0.593478 0.030526 0.296522
1 0.507719 0.587391 0.025263 0.319130
1 0.540877 0.599565 0.033333 0.313913
1 0.574035 0.600435 0.032982 0.326087
1 0.447719 0.595652 0.028070 0.297391
1 0.420351 0.596957 0.030175 0.294783
3 0.357193 0.610000 0.040000 0.282609
3 0.390175 0.611739 0.032281 0.313913
3 0.638947 0.609130 0.040000 0.289565
3 0.606140 0.604348 0.036842 0.318261
2 0.664737 0.277826 0.041053 0.313913
2 0.631053 0.266087 0.034035 0.318261
2 0.380526 0.269565 0.041754 0.311304
2 0.348421 0.269565 0.042105 0.321739
