4 0.206724 0.199091 0.054138 0.229091
4 0.783621 0.224091 0.056897 0.226364
4 0.758448 0.345909 0.052069 0.231818
4 0.235345 0.335455 0.056207 0.225455
5 0.170172 0.563182 0.067931 0.202727
5 0.813966 0.564091 0.053448 0.182727
6 0.236379 0.492727 0.052069 0.052727
6 0.307759 0.543182 0.067241 0.070000
6 0.303793 0.456364 0.080690 0.103636
6 0.665345 0.590000 0.065172 0.116364
6 0.754483 0.510909 0.044138 0.078182
6 0.690517 0.441818 0.085862 0.158182
0 0.480000 0.364091 0.041379 0.313636
0 0.523966 0.361364 0.044483 0.319091
0 0.561379 0.380909 0.030345 0.301818
0 0.596897 0.381364 0.030345 0.311818
0 0.442586 0.356364 0.033448 0.303636
0 0.406724 0.358636 0.036207 0.324545
2 0.368276 0.362727 0.046207 0.301818
2 0.627931 0.365455 0.037241 0.301818
3 0.614138 0.661364 0.037241 0.244545
3 0.385517 0.655000 0.037241 0.268182
3 0.351207 0.654091 0.033448 0.275455
1 0.422414 0.687727 0.036552 0.317273
1 0.457414 0.659091 0.035517 0.254545
1 0.487414 0.669545 0.028621 0.280909
1 0.516552 0.689091 0.031724 0.314545
1 0.549138 0.680909 0.031379 0.298182
1 0.581034 0.681364 0.034483 0.288182
