6 0.663300 0.445726 0.059259 0.115385
6 0.690067 0.308547 0.130976 0.112821
6 0.321212 0.452991 0.113805 0.064957
6 0.305892 0.312393 0.110774 0.161538
0 0.479630 0.239316 0.038721 0.341880
0 0.519360 0.235470 0.034680 0.344444
0 0.554882 0.236752 0.030976 0.331624
0 0.585185 0.230769 0.031650 0.335043
0 0.442929 0.230769 0.028620 0.335043
0 0.412290 0.240598 0.034680 0.344444
2 0.380640 0.259402 0.032660 0.301709
2 0.616330 0.224359 0.032660 0.311966
3 0.398485 0.573932 0.030640 0.311966
3 0.621380 0.536325 0.028620 0.317094
5 0.728114 0.502137 0.076431 0.248718
1 0.459259 0.604274 0.029630 0.347009
1 0.485017 0.608974 0.023906 0.356410
1 0.506902 0.620513 0.027946 0.379487
1 0.534680 0.612821 0.031650 0.374359
1 0.562290 0.599145 0.027609 0.357265
1 0.429125 0.595299 0.034680 0.359829
3 0.593434 0.547863 0.032660 0.299145
