6 0.762593 0.508519 0.049630 0.089630
6 0.765000 0.418889 0.023333 0.058519
6 0.705556 0.442593 0.046667 0.058519
6 0.705926 0.530000 0.051852 0.058519
6 0.311667 0.451111 0.019630 0.041481
6 0.258148 0.537778 0.046667 0.066667
6 0.325556 0.579630 0.089630 0.126667
0 0.511111 0.400370 0.045926 0.227407
0 0.471111 0.403333 0.042222 0.225926
0 0.551481 0.387778 0.039259 0.237778
0 0.589444 0.378148 0.038889 0.249630
0 0.431667 0.399630 0.041111 0.237778
0 0.396111 0.397407 0.038148 0.242222
1 0.489630 0.661481 0.034074 0.235556
1 0.520000 0.668148 0.034074 0.234074
1 0.457778 0.661852 0.037037 0.231852
1 0.553519 0.664815 0.035185 0.237778
1 0.587963 0.655556 0.035926 0.247407
1 0.425370 0.660370 0.032222 0.261481
3 0.662222 0.651852 0.043704 0.263704
3 0.624444 0.651111 0.037037 0.253333
3 0.389259 0.647037 0.036296 0.257037
2 0.652407 0.375926 0.045556 0.202222
2 0.620185 0.381852 0.030000 0.225926
2 0.364444 0.391481 0.033333 0.225926
2 0.335741 0.393704 0.035926 0.214074
4 0.242593 0.360370 0.046667 0.202222
4 0.805000 0.353704 0.056667 0.200741
4 0.197593 0.324444 0.050741 0.177778
5 0.189444 0.529259 0.071481 0.169630
