4 0.257719 0.363043 0.055789 0.226957
5 0.329298 0.603043 0.058596 0.225217
5 0.219649 0.543913 0.075088 0.213043
5 0.274386 0.604348 0.055439 0.212174
5 0.734912 0.613913 0.064211 0.187826
5 0.784035 0.543913 0.073333 0.169565
0 0.521228 0.307391 0.038947 0.275652
0 0.478947 0.324348 0.045614 0.241739
0 0.441404 0.323043 0.035088 0.244348
0 0.406842 0.314783 0.031930 0.260870
0 0.559825 0.304783 0.031930 0.280870
0 0.593860 0.305652 0.034035 0.306957
2 0.628070 0.323913 0.030175 0.275652
2 0.655439 0.337391 0.030175 0.267826
2 0.376667 0.321304 0.034035 0.270435
2 0.344912 0.337391 0.037193 0.259130
3 0.401930 0.596087 0.031930 0.258261
3 0.605789 0.605217 0.034035 0.248696
1 0.568070 0.605652 0.032982 0.277391
1 0.539825 0.599565 0.029123 0.319130
1 0.514912 0.607826 0.026316 0.316522
1 0.490702 0.610435 0.028421 0.316522
1 0.461930 0.610000 0.029123 0.326087
1 0.433684 0.609130 0.029474 0.324348
6 0.688947 0.427826 0.036842 0.116522
