4 0.226500 0.205909 0.047000 0.179091
4 0.778000 0.213636 0.048000 0.174545
4 0.742667 0.304545 0.048000 0.265455
4 0.689667 0.308182 0.050000 0.283636
4 0.262667 0.290000 0.054667 0.261818
4 0.313167 0.301818 0.051667 0.254545
5 0.205333 0.551818 0.060000 0.203636
5 0.264667 0.555909 0.058667 0.270000
5 0.322000 0.566818 0.064000 0.280909
5 0.791000 0.569545 0.060667 0.179091
5 0.735667 0.550455 0.056000 0.259091
5 0.680833 0.562727 0.065667 0.272727
3 0.633833 0.565455 0.036333 0.283636
3 0.600500 0.567727 0.032333 0.293636
3 0.369167 0.564091 0.032333 0.264545
3 0.401500 0.562727 0.032333 0.289091
2 0.648500 0.307273 0.032333 0.238182
2 0.617167 0.308636 0.038333 0.224545
2 0.352333 0.299091 0.038000 0.265455
2 0.385667 0.301818 0.040000 0.221818
1 0.434833 0.566364 0.034333 0.307273
1 0.569667 0.582727 0.031333 0.323636
1 0.463667 0.569091 0.031333 0.301818
1 0.540167 0.578636 0.027667 0.320909
1 0.514667 0.585455 0.025333 0.329091
1 0.490667 0.578636 0.024667 0.342727
0 0.517167 0.238636 0.038333 0.326364
0 0.552000 0.235909 0.031333 0.315455
0 0.584833 0.246818 0.032333 0.331818
0 0.483833 0.237273 0.032333 0.323636
0 0.448000 0.242727 0.031333 0.312727
0 0.415167 0.253636 0.038333 0.318182
