5 0.213087 0.557143 0.054362 0.245714
5 0.272483 0.575238 0.054362 0.266667
5 0.799497 0.509524 0.056040 0.179048
5 0.746141 0.511905 0.066107 0.246667
5 0.694799 0.551429 0.058054 0.224762
5 0.315268 0.589524 0.053356 0.255238
4 0.237919 0.191429 0.050336 0.243810
4 0.808893 0.138571 0.047315 0.193333
4 0.282215 0.282381 0.048322 0.252381
4 0.330201 0.300952 0.045638 0.260952
4 0.768792 0.218095 0.046309 0.291429
4 0.722483 0.247619 0.046309 0.243810
2 0.374497 0.292381 0.041611 0.249524
2 0.407383 0.254286 0.038926 0.325714
2 0.647483 0.225238 0.042617 0.277143
2 0.682047 0.226667 0.040604 0.302857
3 0.361745 0.593333 0.033557 0.291429
3 0.392282 0.597619 0.029530 0.322857
3 0.604027 0.561429 0.036242 0.317143
3 0.644463 0.565714 0.038591 0.302857
1 0.421980 0.600952 0.029866 0.333333
1 0.450000 0.550000 0.024832 0.294286
1 0.476678 0.535714 0.030537 0.277143
1 0.506376 0.540000 0.028859 0.274286
1 0.536409 0.548571 0.029866 0.285714
1 0.568121 0.578095 0.037584 0.350476
0 0.615940 0.228095 0.032550 0.277143
0 0.582886 0.233810 0.035570 0.282857
0 0.547315 0.228095 0.041611 0.317143
0 0.506879 0.228095 0.039262 0.317143
0 0.471644 0.230952 0.034564 0.300000
0 0.436242 0.227619 0.036242 0.321905
