5 0.205178 0.512406 0.069903 0.178195
5 0.269417 0.520301 0.068932 0.193985
5 0.687055 0.503383 0.056958 0.232331
5 0.743042 0.492105 0.055016 0.214286
5 0.802913 0.475940 0.064725 0.159398
4 0.769579 0.276692 0.051133 0.198496
4 0.716019 0.277820 0.054045 0.191729
4 0.215534 0.322180 0.053074 0.193233
4 0.266505 0.309398 0.044984 0.191729
4 0.318447 0.292481 0.060841 0.234586
3 0.353236 0.524812 0.040453 0.207519
3 0.388673 0.534962 0.034304 0.254887
3 0.638511 0.514662 0.038188 0.218797
3 0.605178 0.514662 0.038188 0.227820
2 0.635113 0.262030 0.037217 0.223308
2 0.599353 0.257895 0.042071 0.225564
2 0.366019 0.285714 0.036246 0.216541
2 0.402751 0.273308 0.035275 0.218797
1 0.423948 0.539850 0.032362 0.291729
1 0.457282 0.519173 0.038188 0.250376
1 0.569903 0.523684 0.044013 0.272932
1 0.536570 0.513534 0.028479 0.261654
1 0.483657 0.506767 0.026214 0.252632
1 0.509547 0.510150 0.027508 0.268421
0 0.436084 0.243233 0.033333 0.254887
0 0.474272 0.223308 0.043042 0.300752
0 0.522006 0.223308 0.044013 0.300752
0 0.561650 0.227444 0.033333 0.286466
