1 0.435577 0.594094 0.030128 0.295276
1 0.468269 0.592126 0.028846 0.314961
1 0.494712 0.586614 0.025962 0.314961
1 0.523397 0.587008 0.026923 0.325197
1 0.549359 0.600787 0.026923 0.297638
1 0.578365 0.606693 0.033013 0.300000
0 0.558814 0.301575 0.038141 0.236220
0 0.596955 0.312598 0.036218 0.248819
0 0.517788 0.281890 0.043910 0.289764
0 0.472756 0.284252 0.044231 0.275591
0 0.435577 0.302756 0.032051 0.252756
0 0.399679 0.305512 0.032051 0.253543
3 0.404167 0.594094 0.037179 0.260630
3 0.364103 0.590551 0.039103 0.267717
3 0.611378 0.590551 0.033013 0.262992
3 0.647917 0.605118 0.038141 0.273228
2 0.627885 0.323622 0.032051 0.236220
2 0.661538 0.337008 0.037179 0.253543
2 0.334615 0.325197 0.033974 0.258268
5 0.207372 0.544094 0.046154 0.218898
4 0.706571 0.329921 0.050962 0.248819
6 0.757212 0.409843 0.041987 0.063780
6 0.719231 0.535039 0.096154 0.181890
6 0.317949 0.494488 0.042949 0.061417
6 0.261378 0.472441 0.043910 0.051969
6 0.293910 0.423228 0.035256 0.046457
6 0.246474 0.411024 0.032051 0.047244
6 0.366506 0.353150 0.025962 0.177165
