5 0.800000 0.535217 0.070667 0.247826
5 0.744000 0.577391 0.072667 0.271304
5 0.686167 0.602174 0.072333 0.263478
5 0.191500 0.571304 0.061667 0.253913
5 0.253833 0.602174 0.059000 0.279130
5 0.311167 0.627391 0.065667 0.284348
4 0.785167 0.216957 0.053000 0.240870
4 0.742000 0.293913 0.058667 0.250435
4 0.693167 0.316522 0.053000 0.250435
4 0.190667 0.268261 0.052000 0.209565
4 0.237167 0.313043 0.059000 0.248696
4 0.284667 0.334783 0.052000 0.281739
2 0.653000 0.321739 0.035333 0.271304
2 0.619667 0.325652 0.033333 0.273913
2 0.327833 0.331739 0.030333 0.270435
2 0.357667 0.324348 0.031333 0.281739
3 0.361167 0.632609 0.034333 0.263478
3 0.398000 0.645652 0.035333 0.273913
3 0.638167 0.616957 0.041000 0.258261
3 0.603833 0.623478 0.031667 0.276522
0 0.586667 0.299130 0.038000 0.271304
0 0.549500 0.291304 0.038333 0.276522
0 0.511167 0.303913 0.042333 0.280870
0 0.465500 0.306522 0.047000 0.275652
0 0.423833 0.314348 0.036333 0.246087
0 0.392500 0.313043 0.030333 0.267826
1 0.429333 0.651739 0.027333 0.280870
1 0.456667 0.646522 0.031333 0.291304
1 0.572833 0.628696 0.030333 0.260870
1 0.542500 0.631304 0.030333 0.255652
1 0.516167 0.637826 0.026333 0.268696
1 0.485833 0.638696 0.034333 0.306957
