0 0.485000 0.411600 0.030000 0.213600
0 0.521607 0.416800 0.039643 0.206400
0 0.550000 0.414800 0.028571 0.197600
0 0.578393 0.389200 0.031786 0.248800
0 0.453929 0.402400 0.030714 0.244800
0 0.426607 0.386000 0.023929 0.237600
1 0.511786 0.627200 0.023571 0.195200
1 0.534107 0.630400 0.021071 0.193600
1 0.489107 0.626000 0.023929 0.207200
1 0.468571 0.634800 0.022857 0.207200
1 0.441786 0.637600 0.030714 0.211200
1 0.564821 0.634800 0.034643 0.220000
2 0.610000 0.375600 0.030000 0.231200
2 0.641786 0.370400 0.033571 0.228800
3 0.593214 0.634800 0.030000 0.224800
3 0.625357 0.626000 0.038571 0.242400
3 0.412143 0.636000 0.035000 0.212800
3 0.379286 0.631600 0.032857 0.236000
4 0.683929 0.371600 0.050714 0.244000
4 0.731429 0.363600 0.048571 0.232800
4 0.777679 0.344800 0.047500 0.212800
4 0.224107 0.354000 0.043929 0.208800
4 0.271786 0.372400 0.051429 0.202400
5 0.351071 0.619200 0.041429 0.241600
6 0.768750 0.488000 0.045357 0.073600
6 0.360000 0.419200 0.097143 0.121600
6 0.294107 0.532800 0.082500 0.086400
