5 0.764237 0.543043 0.085763 0.232174
4 0.761186 0.300000 0.055932 0.212174
4 0.703729 0.326957 0.050847 0.229565
0 0.590169 0.284783 0.042712 0.247826
0 0.545254 0.283478 0.043051 0.234783
0 0.500847 0.280870 0.043729 0.240000
0 0.458475 0.297826 0.036949 0.247826
0 0.426610 0.303043 0.022712 0.247826
0 0.403220 0.302609 0.024068 0.238261
1 0.553220 0.573913 0.044746 0.222609
1 0.416610 0.591739 0.025085 0.213043
1 0.386102 0.584348 0.031864 0.217391
3 0.642373 0.572609 0.033898 0.209565
3 0.607458 0.573913 0.033898 0.191304
2 0.661864 0.319565 0.030847 0.214783
2 0.627966 0.318261 0.032881 0.217391
2 0.376780 0.309130 0.024746 0.225217
2 0.351864 0.316957 0.025085 0.220000
4 0.267627 0.305217 0.047797 0.243478
4 0.314915 0.323043 0.048814 0.242609
