0 0.475424 0.351304 0.038983 0.299130
0 0.514915 0.359130 0.037966 0.293913
0 0.554746 0.369130 0.035593 0.273913
0 0.589153 0.371739 0.033220 0.289565
0 0.440000 0.355217 0.029831 0.291304
0 0.409661 0.360435 0.034915 0.280870
1 0.510339 0.669565 0.028814 0.281739
1 0.483898 0.672174 0.026102 0.281739
1 0.455424 0.667391 0.030847 0.291304
1 0.426102 0.663478 0.025763 0.278261
1 0.540678 0.673913 0.029831 0.293913
1 0.573220 0.678696 0.038644 0.308696
3 0.394237 0.658261 0.033898 0.278261
2 0.616102 0.341304 0.032881 0.263478
6 0.669322 0.406087 0.091864 0.102609
6 0.648983 0.550870 0.122373 0.094783
6 0.360339 0.561304 0.035932 0.084348
6 0.376271 0.443043 0.029831 0.089565
6 0.259661 0.539130 0.103729 0.173913
6 0.293559 0.413043 0.109831 0.135652
