6 0.258054 0.432400 0.035570 0.112800
6 0.524161 0.389200 0.018792 0.128800
0 0.484060 0.374800 0.045302 0.247200
0 0.562584 0.379600 0.028523 0.232800
0 0.595134 0.389200 0.032550 0.232800
0 0.447651 0.373600 0.031544 0.249600
0 0.415101 0.380800 0.035570 0.249600
1 0.486242 0.639600 0.031544 0.221600
1 0.516275 0.642000 0.028523 0.231200
1 0.455872 0.645600 0.032550 0.214400
1 0.548322 0.631600 0.037584 0.223200
1 0.584396 0.652800 0.040604 0.265600
1 0.419463 0.650400 0.034228 0.270400
4 0.787081 0.331600 0.045302 0.282400
4 0.700671 0.358400 0.056376 0.260800
4 0.312752 0.359600 0.050336 0.268000
5 0.762416 0.591600 0.079195 0.223200
5 0.251678 0.605600 0.064430 0.238400
2 0.657718 0.363200 0.031544 0.284800
2 0.627181 0.364400 0.029530 0.282400
2 0.384899 0.369200 0.028859 0.277600
2 0.352852 0.364400 0.035235 0.282400
3 0.617953 0.640800 0.030537 0.260800
3 0.655369 0.638800 0.038255 0.252000
3 0.385906 0.652400 0.028859 0.247200
3 0.354866 0.645600 0.027852 0.251200
5 0.313255 0.640000 0.051342 0.249600
