6 0.774590 0.449048 0.048852 0.086667
6 0.716557 0.463333 0.035738 0.069524
6 0.720000 0.366667 0.036721 0.078095
6 0.670656 0.365238 0.039672 0.080952
6 0.669836 0.549048 0.053770 0.181905
6 0.589836 0.441905 0.019016 0.060952
6 0.326557 0.479524 0.044590 0.065714
6 0.282787 0.463810 0.037049 0.057143
6 0.231639 0.449048 0.047541 0.069524
4 0.229180 0.274286 0.044590 0.262857
4 0.273279 0.287619 0.043607 0.247619
4 0.319508 0.279048 0.050820 0.253333
4 0.763607 0.280476 0.046557 0.239048
3 0.627541 0.562857 0.034754 0.280000
3 0.370164 0.544286 0.032787 0.260000
3 0.400492 0.545714 0.023934 0.285714
2 0.383115 0.245714 0.035082 0.285714
2 0.631967 0.258571 0.035738 0.271429
2 0.598197 0.252857 0.035738 0.248571
0 0.471475 0.240000 0.040656 0.245714
0 0.511311 0.237143 0.039016 0.274286
0 0.543607 0.232857 0.021639 0.260000
0 0.567377 0.231429 0.025902 0.268571
0 0.439180 0.232857 0.021967 0.277143
0 0.413443 0.228571 0.038033 0.302857
1 0.562459 0.550000 0.035738 0.322857
1 0.532623 0.544286 0.025902 0.328571
1 0.429836 0.552857 0.030820 0.311429
1 0.459672 0.548571 0.028852 0.325714
1 0.484426 0.541429 0.022623 0.345714
1 0.508689 0.548571 0.027869 0.337143
