6 0.281034 0.496522 0.055172 0.086957
6 0.393966 0.545217 0.060345 0.168696
6 0.349138 0.353913 0.045172 0.163478
6 0.332931 0.551739 0.056207 0.176522
6 0.676724 0.507826 0.085862 0.139130
6 0.737241 0.472174 0.039310 0.081739
6 0.664310 0.350000 0.031379 0.136522
6 0.630862 0.346522 0.035517 0.159130
6 0.758966 0.331739 0.051034 0.164348
4 0.803793 0.193913 0.064138 0.161739
4 0.707759 0.314348 0.053448 0.218261
4 0.207241 0.227391 0.071034 0.164348
4 0.300862 0.336522 0.056897 0.203478
4 0.244828 0.316522 0.055172 0.213913
5 0.217586 0.537391 0.055862 0.208696
5 0.801379 0.511739 0.057241 0.206087
0 0.482586 0.293043 0.044483 0.276522
0 0.525517 0.289130 0.039310 0.263478
0 0.562931 0.293043 0.029310 0.271304
0 0.598448 0.287826 0.033448 0.295652
0 0.448621 0.288261 0.031724 0.275652
0 0.414655 0.296522 0.036207 0.278261
1 0.447759 0.600000 0.033448 0.313043
1 0.475690 0.612609 0.024483 0.333043
1 0.500862 0.609565 0.025862 0.347826
1 0.525517 0.587391 0.025517 0.287826
1 0.550517 0.588696 0.028621 0.320000
1 0.581034 0.600870 0.034483 0.335652
3 0.615517 0.587391 0.034483 0.287826
2 0.386034 0.303043 0.032759 0.291304
