0 0.480492 0.320417 0.040984 0.275833
0 0.523279 0.319167 0.042623 0.283333
0 0.446066 0.325417 0.033770 0.285833
0 0.414918 0.327917 0.030492 0.280833
0 0.563934 0.324167 0.032787 0.273333
0 0.597705 0.321667 0.032787 0.283333
1 0.495410 0.607083 0.028852 0.272500
1 0.525738 0.609583 0.029836 0.277500
1 0.557049 0.618333 0.028852 0.290000
1 0.586885 0.617083 0.032787 0.277500
1 0.471475 0.615833 0.032787 0.275000
1 0.441148 0.617083 0.033770 0.272500
4 0.221639 0.270000 0.055738 0.200000
4 0.255902 0.352083 0.044918 0.232500
4 0.305082 0.357083 0.051475 0.257500
4 0.760164 0.348333 0.045574 0.235000
4 0.710000 0.348333 0.052787 0.245000
5 0.201311 0.585833 0.058361 0.215000
5 0.260328 0.597083 0.057705 0.232500
5 0.317049 0.617083 0.057705 0.227500
5 0.762295 0.584583 0.065574 0.232500
5 0.705574 0.598333 0.061639 0.240000
2 0.664754 0.359583 0.031803 0.237500
2 0.632459 0.332083 0.034754 0.277500
2 0.344754 0.352083 0.037705 0.257500
2 0.379508 0.342083 0.037705 0.257500
3 0.622623 0.607083 0.036721 0.257500
3 0.657869 0.604583 0.037705 0.247500
3 0.405902 0.633333 0.034754 0.255000
3 0.366721 0.627083 0.039672 0.272500
