0 0.517719 0.228636 0.043158 0.293636
0 0.473333 0.220909 0.052632 0.323636
0 0.437895 0.228182 0.057544 0.305455
0 0.561404 0.230455 0.030175 0.290000
0 0.592456 0.232727 0.027719 0.310909
1 0.470000 0.554091 0.028421 0.311818
1 0.437018 0.556818 0.028421 0.291818
1 0.498947 0.566364 0.023158 0.325455
1 0.525263 0.540909 0.024561 0.270909
1 0.554912 0.571818 0.031228 0.329091
1 0.585614 0.544545 0.032982 0.267273
2 0.378947 0.265909 0.052632 0.255455
2 0.631404 0.256818 0.061404 0.262727
2 0.665614 0.278182 0.045614 0.280000
3 0.404912 0.584091 0.035789 0.346364
3 0.368070 0.587273 0.047018 0.325455
3 0.620351 0.571818 0.033684 0.314545
3 0.654386 0.577727 0.037193 0.310000
4 0.761053 0.290455 0.051930 0.255455
4 0.707018 0.290909 0.054737 0.256364
4 0.328947 0.302273 0.067719 0.244545
4 0.276491 0.316364 0.051930 0.249091
4 0.228421 0.318636 0.049825 0.250000
5 0.766491 0.548182 0.081754 0.236364
5 0.703509 0.561818 0.070175 0.263636
5 0.315088 0.586364 0.050526 0.240000
5 0.202105 0.549545 0.094737 0.204545
6 0.271228 0.483182 0.049123 0.075455
6 0.326316 0.482273 0.056842 0.055455
6 0.695263 0.458182 0.057895 0.038182
6 0.747018 0.457727 0.051930 0.062727
