4 0.245000 0.342917 0.061852 0.280833
4 0.292037 0.351250 0.048519 0.269167
4 0.790185 0.306250 0.042593 0.259167
4 0.745741 0.313333 0.049259 0.270000
4 0.691852 0.325417 0.060000 0.257500
2 0.360556 0.361667 0.032963 0.285000
2 0.649074 0.319583 0.032222 0.275833
2 0.621481 0.343750 0.040741 0.287500
0 0.586111 0.350417 0.044074 0.319167
0 0.548519 0.360417 0.035556 0.284167
0 0.512963 0.357500 0.036296 0.315000
0 0.471852 0.370000 0.044444 0.313333
0 0.433519 0.374167 0.032222 0.288333
0 0.398333 0.379167 0.032963 0.305000
1 0.429815 0.715833 0.041111 0.320000
1 0.467407 0.700833 0.037778 0.298333
1 0.494259 0.700833 0.032222 0.301667
1 0.517037 0.677500 0.031111 0.265000
1 0.545556 0.691250 0.037037 0.310833
1 0.582593 0.706250 0.037037 0.340833
3 0.615741 0.697500 0.042593 0.295000
3 0.653519 0.668750 0.062593 0.270833
5 0.710370 0.673333 0.092593 0.286667
5 0.836852 0.559583 0.114444 0.134167
5 0.240370 0.653333 0.094074 0.250000
5 0.299259 0.692083 0.088148 0.290833
5 0.173333 0.598333 0.108148 0.200000
3 0.393148 0.711667 0.038889 0.303333
3 0.350741 0.711250 0.057778 0.319167
6 0.241667 0.430833 0.048519 0.076667
6 0.260926 0.544583 0.052963 0.085833
6 0.693148 0.417917 0.050741 0.090833
6 0.623333 0.454167 0.044444 0.048333
6 0.702407 0.575833 0.063333 0.085000
