5 0.201034 0.559130 0.077569 0.173913
5 0.265999 0.602609 0.078216 0.304348
5 0.330963 0.609565 0.063995 0.314783
5 0.793794 0.563043 0.062056 0.369565
5 0.743374 0.606957 0.060763 0.313043
5 0.685520 0.615217 0.048481 0.329565
3 0.639948 0.619565 0.034260 0.320870
3 0.603588 0.646087 0.038462 0.384348
3 0.370394 0.618696 0.047188 0.326087
3 0.405624 0.646087 0.032967 0.398261
1 0.443439 0.617826 0.029089 0.404348
1 0.471073 0.577391 0.022301 0.344348
1 0.540401 0.605217 0.026503 0.360000
1 0.572398 0.625652 0.028442 0.413043
1 0.517130 0.578261 0.021332 0.353043
1 0.496930 0.577826 0.033937 0.374783
4 0.236264 0.257391 0.062056 0.276522
4 0.295249 0.262174 0.059793 0.275652
2 0.341306 0.263913 0.033613 0.293043
2 0.376212 0.252609 0.032967 0.282609
0 0.404008 0.233043 0.049774 0.314783
0 0.437944 0.263043 0.032967 0.327826
0 0.471396 0.235652 0.041694 0.306087
0 0.513413 0.234783 0.041047 0.318261
0 0.553167 0.248261 0.030058 0.320870
0 0.585165 0.233043 0.030705 0.354783
2 0.650452 0.256522 0.030705 0.307826
2 0.616516 0.253043 0.043633 0.311304
4 0.695217 0.277391 0.061409 0.306087
4 0.758242 0.271739 0.076923 0.334783
