4 0.281897 0.337308 0.061724 0.257692
4 0.224828 0.310385 0.056552 0.257692
4 0.794828 0.315000 0.051724 0.222308
4 0.743276 0.345385 0.043103 0.247692
5 0.254655 0.582692 0.113448 0.219231
5 0.201552 0.519231 0.097586 0.176923
5 0.813966 0.537692 0.107241 0.193846
5 0.751552 0.600000 0.115517 0.226154
1 0.518966 0.684615 0.034483 0.272308
1 0.484483 0.695769 0.030345 0.294615
1 0.451897 0.650769 0.033448 0.236923
1 0.420345 0.668846 0.033793 0.283846
1 0.556034 0.690769 0.055517 0.298462
1 0.590862 0.664231 0.058966 0.286923
3 0.625517 0.647308 0.050345 0.256154
3 0.666552 0.630000 0.053793 0.233846
3 0.350517 0.636538 0.038276 0.243846
3 0.375000 0.656923 0.055517 0.260000
0 0.486724 0.347308 0.038966 0.325385
0 0.530517 0.352692 0.048621 0.323846
0 0.574655 0.369615 0.030690 0.283846
0 0.605862 0.344615 0.035862 0.284615
0 0.446207 0.372692 0.039310 0.299231
0 0.410517 0.340385 0.041724 0.322308
2 0.346379 0.360769 0.039655 0.272308
2 0.385862 0.361538 0.036552 0.261538
2 0.661552 0.357692 0.039655 0.272308
